14143
32768
1000
42955
32768
31667
32768
2
100
28554
28672
21602
12288
4
100
46762
4096
21196
4096
4
1000
2349
28672
22303
12288
14
10000
58593
20480
61190
16384
250
100
58501
16384
4555
16384
100
100
14032
8192
31989
4096
19
16
45762
32768
34868
8192
250
155
2958
4096
2958
4096
0
10
22809
16384
41618
8192
2
155
29096
32768
43092
20480
62
10000
55354
20480
36791
20480
4
16
21196
4096
9110
4096
100
4
45703
4096
8640
4096
2
100
10373
28672
41196
20480
62
45
38681
28672
42796
4096
100
45
40937
4096
7520
4096
62
1000
25723
28672
6672
28672
14
10
63603
12288
7357
8192
100
45
65438
32768
14073
28672
250
16
52854
12288
50743
12288
250
10
23349
4096
870
4096
2
4
43530
12288
46366
4096
19
100
18062
24576
11558
16384
19
10
34173
16384
30576
16384
14
155
39677
16384
21968
4096
39
4
45355
32768
65216
16384
100
1000
39573
20480
49629
4096
4
1000
15188
8192
52123
4096
2
10000
50587
32768
46186
28672
250
10000
19631
4096
19142
4096
14
10000
62371
28672
41676
24576
62
45
4566
32768
10373
28672
14
100
36106
24576
12853
8192
2
1000
8322
20480
9478
8192
62
10000
48262
20480
10881
20480
62
10
33766
32768
39008
24576
100
4
19938
24576
54004
16384
62
155
8900
8192
16493
4096
2
1000
34036
24576
14817
20480
39
100
23042
20480
7357
8192
250
1000
30797
16384
36327
4096
2
4
9408
4096
5877
4096
250
16
16721
32768
16902
24576
39
10
13837
24576
35351
16384
39
45
4386
20480
20908
12288
14
1000
44309
12288
5174
12288
100
100
16593
4096
7405
4096
4
155
14056
8192
15340
4096
250
1000
33116
4096
28120
4096
14
45
39
20480
19661
12288
14
10000
13703
12288
59566
8192
4
4
3621
32768
26782
4096
14
45
4387
16384
7422
12288
250
45
14073
28672
29985
20480
100
10000
32327
12288
35652
8192
62
16
18418
24576
8137
16384
4
10000
36665
28672
3656
8192
62
1000
4947
24576
58931
4096
2
100
52639
32768
37941
8192
14
1000
46601
8192
2872
8192
19
16
12595
8192
8640
4096
62
1000
1146
28672
27269
20480
39
10
41128
24576
47396
8192
100
100
27185
12288
30354
4096
2
1000
5059
16384
51159
12288
4
45
33246
32768
9604
8192
2
4
46548
16384
2198
4096
39
155
26068
20480
27095
16384
14
16
12853
8192
12853
8192
0
155
60214
8192
12853
8192
2
155
51709
16384
47338
12288
39
155
12112
28672
27728
12288
2
100
25381
8192
55626
4096
100
155
51379
28672
21462
20480
39
10
3129
8192
58108
4096
19
100
61512
32768
42608
4096
2
16
35558
24576
39334
4096
4
4
17653
12288
50269
8192
19
10
18079
16384
29688
4096
2
1000
25052
32768
34036
24576
19
4
12886
28672
19085
12288
19
4
47558
4096
24801
4096
100
10000
19169
20480
52123
4096
19
100
28120
4096
4824
4096
19
100
54864
20480
22484
16384
14
10000
31621
16384
18211
16384
14
45
12508
24576
8126
12288
100
10000
60785
28672
21611
24576
39
10000
8832
28672
6588
16384
62
1000
62045
4096
51671
4096
19
155
28689
32768
12179
32768
250
1000
6581
12288
32965
8192
14
45
17073
20480
17167
12288
19
45
42441
28672
17476
16384
4
4
23979
24576
30941
20480
250
4
45302
24576
225
12288
14
4
35351
16384
52734
8192
19
16
35899
8192
39334
4096
4
10000
46913
4096
19631
4096
39
45
3794
28672
65508
20480
4
1000
13293
20480
16318
4096
250
10000
62215
4096
21968
4096
62
16
23661
12288
20551
4096
39
10
31351
32768
8159
28672
14
10
14054
4096
7707
4096
62
1000
36022
28672
18062
24576
250
100
46439
12288
32773
12288
62
4
40027
32768
32511
16384
250
10
61985
20480
46834
16384
100
1000
31524
24576
32530
8192
2
10000
38608
8192
32295
8192
250
10
46239
12288
35899
8192
2
4
7235
16384
5429
8192
250
100
64214
12288
47721
12288
39
100
64672
20480
18698
8192
39
16
21176
4096
20514
4096
4
155
13806
20480
62467
16384
2
45
12953
20480
43107
12288
100
45
65258
32768
17852
28672
39
1000
42923
8192
15340
4096
39
100
45168
24576
25883
24576
2
45
21046
20480
31467
12288
19
10000
19133
8192
39334
4096
14
100
43031
32768
30662
16384
62
155
51198
4096
16318
4096
250
10000
52100
20480
43107
12288
19
10000
44298
4096
870
4096
14
1000
25425
28672
52602
4096
250
1000
19030
12288
52787
4096
250
4
6520
28672
26229
16384
39
45
65076
24576
4971
4096
19
45
1904
4096
870
4096
14
4
15505
20480
30449
12288
4
4
53770
8192
7270
8192
100
10
24450
4096
12504
4096
2
16
29504
28672
59236
12288
250
10
58653
32768
63748
28672
14
10
12852
24576
51198
4096
2
10000
30616
24576
52866
12288
14
4
5790
4096
1904
4096
100
1000
13987
28672
18108
4096
62
10
31644
8192
9806
8192
62
16
12485
4096
8306
4096
39
4
63306
32768
62252
16384
62
10
6890
12288
56766
4096
4
10000
35318
8192
41211
4096
62
155
58285
20480
13293
20480
19
155
39545
8192
1904
4096
39
10
64797
20480
5457
12288
4
10000
31533
32768
50743
12288
2
155
6111
8192
39334
4096
100
4
33847
28672
39632
12288
4
16
14490
28672
7506
4096
250
1000
54888
24576
39548
8192
19
1000
39856
24576
53923
12288
19
10000
59836
8192
32965
8192
62
16
62662
8192
40509
8192
250
10
14400
16384
12989
12288
250
10000
52506
12288
6581
12288
39
155
31535
8192
1468
8192
19
10
19661
12288
10361
4096
62
16
8159
28672
52854
12288
100
45
52905
32768
62824
24576
100
10000
19162
28672
17653
12288
39
1000
36327
4096
29688
4096
62
45
16349
4096
7520
4096
100
45
31647
12288
53159
8192
250
10
46923
4096
4971
4096
4
10000
12207
32768
37808
12288
4
16
62824
24576
3162
8192
2
10000
31969
20480
13806
20480
100
16
18432
12288
56827
8192
250
45
60150
20480
35320
8192
14
10
35717
12288
36065
8192
250
1000
39632
12288
57011
8192
2
1000
52814
24576
5174
12288
19
16
41223
28672
42700
4096
100
4
30425
20480
3162
8192
62
45
37808
12288
1357
12288
250
100
51671
4096
19142
4096
4
45
18619
20480
52854
12288
39
4
4068
8192
3970
4096
2
4
36015
8192
32745
8192
62
45
22038
12288
44136
8192
14
10
24316
8192
59007
4096
62
10000
25986
4096
23550
4096
14
45
46615
8192
17085
4096
39
100
1383
28672
18432
12288
4
45
4882
12288
388
8192
4
45
51858
20480
9042
12288
62
16
15339
32768
58470
24576
62
10
12504
4096
10361
4096
4
1000
9188
12288
16349
4096
2
16
60885
16384
50843
16384
100
155
53014
28672
6659
28672
4
45
50320
28672
59946
16384
62
1000
61375
16384
56802
12288
250
4
50607
16384
55363
4096
250
4
23782
16384
44136
8192
100
155
57214
16384
46571
12288
14
45
45259
28672
4676
20480
62
45
23457
16384
9517
16384
14
1000
58178
32768
40253
32768
4
10000
41074
20480
15188
8192
100
155
8126
12288
52074
8192
250
4
36517
32768
19873
12288
4
10000
57957
12288
39632
12288
100
100
20771
16384
37941
8192
100
100
51287
24576
36112
12288
39
1000
15409
12288
12642
12288
19
45
5457
12288
21196
4096
62
100
58931
4096
46762
4096
100
10000
28188
12288
18193
12288
2
155
225
12288
33116
4096
250
16
6672
28672
20361
24576
100
10
6763
8192
20551
4096
14
10000
55626
4096
1016
4096
14
100
3997
20480
48490
16384
62
4
10220
12288
59566
8192
250
45
18651
28672
19938
24576
2
100
7327
4096
5790
4096
62
10
32530
8192
29078
8192
19
10000
21611
24576
4118
24576
4
100
30449
12288
47558
4096
62
155
22870
28672
55672
16384
39
45
53369
4096
23691
4096
250
10000
37103
32768
16493
4096
100
1000
45416
16384
47558
4096
4
10000
40160
32768
5707
16384
39
10000
2419
32768
20096
16384
2
10000
42796
4096
30139
4096
100
16
30629
24576
52171
12288
2
16
46201
16384
31989
4096
250
4
30662
16384
6588
16384
250
10000
41594
24576
22809
16384
39
10000
10787
20480
46923
4096
100
100
63212
20480
51858
20480
19
4
27369
32768
58108
4096
14
100
47338
12288
5877
4096
4
1000
48322
24576
53742
20480
62
16
29673
32768
55208
12288
19
45
15754
12288
5318
4096
14
100
33545
32768
16394
12288
4
10000
36336
32768
58470
24576
62
10
39625
24576
58803
20480
2
10000
3162
8192
30354
4096
19
4
52953
28672
23979
24576
100
1000
37735
16384
11346
12288
4
100
62109
4096
20514
4096
39
1000
17366
16384
32530
8192
4
10000
48903
32768
16214
16384
62
10000
22855
32768
24654
20480
2
45
1468
8192
9408
4096
14
16
1357
12288
58108
4096
19
155
8026
20480
31535
8192
14
100
324
16384
18432
12288
100
10
36944
4096
7707
4096
4
45
60931
32768
25870
8192
14
1000
50832
12288
46913
4096
250
100
61301
12288
61057
4096
14
45
20029
16384
324
16384
39
10
47488
24576
36204
12288
19
4
53716
4096
39334
4096
2
10000
16854
12288
12320
12288
62
45
43063
4096
24801
4096
62
45
52602
4096
3950
4096
19
10000
22545
12288
9188
12288
19
16
9110
4096
5790
4096
4
100
18193
12288
13350
12288
39
155
19997
32768
29082
20480
2
4
695
16384
62154
12288
14
10000
59721
4096
41211
4096
4
45
32002
28672
54207
16384
19
155
33598
16384
51198
4096
4
1000
3408
12288
48435
4096
62
100
51426
20480
63903
8192
4
10000
36504
8192
21176
4096
2
1000
13362
24576
53716
4096
2
1000
8421
16384
35652
8192
62
16
20551
4096
8640
4096
39
100
2615
20480
27955
16384
2
10
36112
12288
46366
4096
39
1000
64153
8192
46923
4096
62
155
27499
24576
64478
16384
2
155
9890
12288
7327
4096
2
1000
30354
4096
21968
4096
2
100
61057
4096
46923
4096
2
45
46838
32768
2773
12288
14
10000
49426
20480
9110
4096
62
155
53742
20480
47558
4096
2
45
40606
20480
22809
16384
2
100
44304
8192
25993
8192
19
10
41459
28672
15267
8192
19
100
37671
20480
7458
20480
250
16
3555
12288
19631
4096
4
100
36856
16384
58108
4096
14
1000
55117
32768
43063
4096
100
10
56882
16384
54536
4096
62
10
24654
20480
16814
12288
14
4
12880
24576
10957
4096
2
1000
25870
8192
3950
4096
19
45
47181
24576
398
16384
250
45
65508
20480
7458
20480
19
4
20252
12288
17653
12288
62
4
18698
8192
3129
8192
250
10
11558
16384
23311
12288
4
1000
56107
8192
49275
8192
19
1000
52509
24576
56107
8192
62
10
52623
32768
61985
20480
39
100
19294
16384
10725
16384
100
16
27095
16384
18108
4096
100
10
45181
24576
14148
12288
250
155
26204
32768
56313
16384
62
1000
58743
32768
58653
32768
39
10
40253
32768
244
24576
250
10
15993
24576
37671
20480
100
100
36421
20480
46548
16384
39
100
59553
24576
50825
20480
2
45
51614
28672
26499
16384
14
100
24801
4096
3970
4096
250
1000
22226
8192
42700
4096
250
10
44254
16384
37808
12288
39
10000
36636
20480
15505
20480
14
10
1016
4096
1016
4096
0
1000
16814
12288
7520
4096
14
45
9432
32768
24316
8192
14
10000
34313
20480
36504
8192
62
16
49089
24576
60327
4096
62
155
32965
8192
16318
4096
4
10
23480
16384
12595
8192
19
100
41455
16384
15861
4096
14
10
36823
32768
12989
12288
100
10
62690
32768
17852
28672
19
16
9517
16384
59836
8192
100
10
5582
20480
56766
4096
19
1000
20893
8192
13509
8192
250
16
7829
20480
33116
4096
39
1000
21602
12288
7820
8192
62
100
18668
16384
5174
12288
14
155
49534
16384
46601
8192
14
16
62467
16384
40017
12288
14
100
50743
12288
42700
4096
250
16
39008
24576
40937
4096
100
45
22248
12288
6111
8192
39
155
58670
8192
38259
8192
62
16
46812
24576
24801
4096
14
1000
11346
12288
7405
4096
39
10
58378
32768
16801
28672
39
45
50676
32768
38028
32768
250
10
3770
24576
8137
16384
2
45
8213
16384
35423
8192
19
16
30749
24576
18432
12288
39
155
10957
4096
2462
4096
2
16
44222
12288
33997
4096
2
10
46036
8192
25870
8192
250
4
25544
24576
18586
24576
62
1000
57798
20480
32511
16384
4
1000
48421
16384
20893
8192
100
45
39690
16384
59236
12288
62
45
13358
24576
54970
12288
39
4
58108
4096
10957
4096
62
100
3689
16384
18108
4096
62
16
24212
28672
27759
16384
100
10000
56789
20480
47869
4096
39
10
38374
24576
26255
8192
4
45
49576
8192
7820
8192
39
155
7459
24576
23349
4096
2
4
24286
20480
46601
8192
100
16
63412
32768
6672
28672
250
16
62431
32768
12062
20480
100
10000
2778
24576
59007
4096
4
45
35974
32768
29985
20480
100
4
6692
28672
54669
4096
4
16
14417
16384
24450
4096
2
10000
57433
28672
52509
24576
2
100
13350
12288
62063
8192
250
100
8640
4096
2958
4096
250
155
3751
32768
963
24576
100
16
17852
28672
10957
4096
14
10000
47869
4096
20514
4096
19
100
41187
16384
23846
16384
250
16
44295
8192
29078
8192
19
10000
50825
20480
3583
20480
4
45
57109
28672
4971
4096
14
155
33887
20480
56107
8192
250
16
36065
8192
51353
4096
62
10
60875
32768
32605
20480
62
1000
3375
24576
16566
20480
14
100
53788
16384
5790
4096
2
16
59166
4096
40937
4096
19
10
25164
32768
5174
12288
62
45
26632
28672
60151
4096
250
16
32745
8192
36944
4096
250
155
31467
12288
22545
12288
4
4
12821
32768
12320
12288
2
45
4824
4096
2462
4096
2
45
53766
24576
55460
16384
14
10000
62787
32768
18794
28672
14
45
51159
12288
27185
12288
2
4
38725
32768
26420
16384
39
4
21977
12288
54669
4096
62
45
64515
16384
37808
12288
62
4
37543
16384
23550
4096
4
16
14596
20480
3656
8192
14
155
35423
8192
32745
8192
19
45
52123
4096
41211
4096
4
10000
19142
4096
7803
4096
100
10
16029
20480
27759
16384
62
100
26802
20480
57032
16384
19
10
27211
20480
62063
8192
100
16
59389
4096
54669
4096
100
4
22745
20480
253
20480
2
1000
64700
24576
55757
12288
250
10
21462
20480
18432
12288
2
155
21028
24576
59389
4096
62
155
14330
28672
39008
24576
19
10
18776
32768
5969
16384
19
10000
38929
20480
14148
12288
4
155
7506
4096
3970
4096
4
155
62902
8192
65219
4096
62
100
26744
16384
49207
4096
4
10000
39424
12288
19142
4096
39
45
38851
8192
7357
8192
19
10
6659
28672
1383
28672
250
45
4971
4096
4824
4096
14
100
36532
8192
36504
8192
14
100
21886
28672
60148
20480
2
4
55653
16384
46366
4096
39
10
18522
24576
7829
20480
100
1000
44946
20480
65390
16384
39
16
21809
28672
12642
12288
14
45
37941
8192
16593
4096
100
45
14614
28672
54207
16384
4
10
58770
8192
47396
8192
250
100
29985
20480
16394
12288
4
1000
23311
12288
388
8192
4
10
20058
28672
58983
16384
100
45
61494
28672
21904
8192
250
100
34205
28672
15861
4096
39
1000
5592
32768
62063
8192
2
1000
35708
24576
13350
12288
100
1000
12185
8192
40076
4096
250
10000
51596
24576
7270
8192
14
45
56516
28672
18211
16384
39
10
52207
28672
41211
4096
62
100
244
24576
54669
4096
14
100
61521
12288
58770
8192
250
16
14792
24576
28313
12288
2
100
24430
32768
33598
16384
14
45
215
16384
44309
12288
39
45
18257
32768
61730
28672
4
155
6309
32768
388
8192
2
155
20955
28672
9261
12288
19
10000
40874
12288
18698
8192
39
10
60327
4096
51353
4096
250
1000
13651
24576
11558
16384
19
100
37691
28672
58421
24576
62
10000
25304
8192
1016
4096
4
4
17529
24576
16566
20480
2
4
42633
12288
44760
8192
4
155
870
4096
870
4096
0
100
30484
12288
52787
4096
2
1000
32511
16384
9806
8192
62
100
59610
20480
16593
4096
100
1000
62063
8192
6763
8192
14
4
32950
28672
55757
12288
2
1000
31679
20480
59007
4096
39
155
21188
24576
10196
20480
100
45
28935
32768
23661
12288
39
10000
16285
16384
215
16384
2
16
40509
8192
57022
4096
14
16
60805
28672
3648
12288
19
10
7657
4096
5877
4096
250
1000
11653
28672
27211
20480
14
10000
56795
8192
52787
4096
4
155
38943
32768
46731
16384
19
1000
19864
28672
29985
20480
62
45
6188
16384
14054
4096
2
155
29078
8192
49207
4096
19
10000
56105
24576
9890
12288
62
4
36321
24576
14029
12288
4
10000
2198
4096
1904
4096
250
155
62154
12288
44222
12288
62
155
15861
4096
10957
4096
19
100
39986
20480
37543
16384
19
45
20332
16384
52854
12288
250
45
54409
24576
8207
16384
2
4
17437
24576
50825
20480
2
45
28723
12288
19661
12288
2
10000
11879
32768
52042
24576
62
1000
9261
12288
3656
8192
2
16
59007
4096
1904
4096
100
45
56811
16384
62902
8192
250
16
56610
32768
10787
20480
39
45
10188
32768
25046
28672
2
1000
63748
28672
14117
24576
19
45
43115
28672
3375
24576
14
1000
31989
4096
15340
4096
250
155
59449
32768
62667
16384
14
1000
53396
4096
47558
4096
2
45
10725
16384
24186
8192
14
4
54207
16384
49629
4096
62
100
7803
4096
1904
4096
4
45
59912
20480
46036
8192
4
10000
29183
28672
44346
4096
100
1000
36204
12288
14032
8192
62
45
55830
12288
50269
8192
2
1000
30941
20480
8640
4096
14
1000
53340
16384
49629
4096
19
1000
57499
28672
61057
4096
4
4
33997
4096
15861
4096
100
10
55986
24576
65219
4096
19
10
49537
8192
24450
4096
19
16
3656
8192
1016
4096
4
100
15267
8192
42796
4096
100
16
9453
28672
25993
8192
4
1000
16161
24576
398
16384
19
45
4614
16384
25304
8192
2
4
47721
12288
44309
12288
250
4
5381
32768
8322
20480
100
45
20718
28672
4195
16384
250
155
60405
12288
46571
12288
250
100
28313
12288
16394
12288
39
100
20026
24576
32773
12288
4
10000
963
24576
53923
12288
19
10000
9042
12288
64153
8192
19
16
461
32768
51154
12288
19
45
41211
4096
21196
4096
14
1000
77
16384
53923
12288
250
1000
53875
28672
62869
20480
250
1000
54536
4096
24801
4096
4
4
42608
4096
1904
4096
14
45
52042
24576
18778
24576
250
10
4555
16384
4971
4096
19
16
3179
32768
28188
12288
39
100
63434
24576
18668
16384
14
10000
30983
32768
13987
28672
250
10000
33854
20480
49576
8192
39
10000
12320
12288
7520
4096
100
45
3583
20480
23480
16384
62
155
21892
8192
20514
4096
250
155
13607
12288
15267
8192
4
10000
39014
16384
59573
4096
4
45
12706
28672
11970
24576
14
4
4341
32768
49426
20480
250
16
26497
20480
23782
16384
19
10
21099
16384
14513
16384
4
4
26255
8192
8900
8192
2
16
30259
24576
55830
12288
250
16
34187
24576
34036
24576
2
4
12957
8192
8306
4096
19
16
17476
16384
14400
16384
62
155
55499
4096
53716
4096
39
10
28926
24576
54669
4096
62
10
45854
20480
10787
20480
250
4
47118
12288
46615
8192
14
45
24408
16384
12320
12288
4
100
16566
20480
15188
8192
100
4
23029
32768
13806
20480
2
16
57011
8192
20551
4096
100
10000
12910
4096
5877
4096
14
45
42827
28672
6588
16384
14
10
58026
20480
44346
4096
250
100
53237
32768
24801
4096
250
4
869
24576
7742
12288
250
4
10330
16384
19085
12288
39
100
64427
12288
12853
8192
62
1000
18794
28672
12112
28672
250
100
46855
12288
6763
8192
39
10000
10881
20480
26420
16384
14
16
16547
24576
54970
12288
250
100
64478
16384
27095
16384
100
155
20114
32768
58120
20480
39
10000
27753
32768
26757
8192
250
155
6634
24576
52866
12288
100
10000
26757
8192
15267
8192
14
10
24918
32768
33577
28672
62
155
48872
24576
31535
8192
250
10
7170
20480
2255
20480
14
16
7458
20480
6851
12288
39
1000
28500
8192
28120
4096
14
100
41669
20480
18077
16384
100
10
32081
24576
2615
20480
100
16
55757
12288
18883
12288
39
45
29027
16384
23661
12288
19
4
20954
8192
46762
4096
2
1000
49677
32768
18062
24576
14
10
32605
20480
46855
12288
39
155
63615
20480
16854
12288
14
10000
47370
32768
47869
4096
39
4
26356
12288
49576
8192
2
16
17767
16384
12645
16384
14
100
49972
20480
44295
8192
14
155
3648
12288
53770
8192
39
10
27728
12288
12485
4096
4
155
52321
32768
47540
28672
250
10
64872
12288
60151
4096
62
45
18701
32768
57433
28672
2
100
20361
24576
59389
4096
19
155
18061
20480
42608
4096
14
10000
27759
16384
5751
16384
39
16
59172
16384
56827
8192
39
100
4195
16384
7422
12288
100
45
40797
32768
27955
16384
100
100
30043
32768
29448
28672
4
4
41676
24576
30139
4096
4
1000
20908
12288
5429
8192
62
4
18586
24576
62154
12288
4
100
55672
16384
31621
16384
2
4
22356
28672
34075
24576
19
1000
36897
8192
20954
8192
39
16
27269
20480
36233
4096
2
155
52734
8192
26255
8192
4
45
47396
8192
21904
8192
250
1000
52293
24576
57011
8192
14
45
48400
24576
28723
12288
250
4
34048
20480
12989
12288
2
10000
31667
32768
9478
8192
62
1000
26651
28672
9188
12288
14
4
28866
28672
13806
20480
250
4
29688
4096
7803
4096
19
16
47095
32768
33165
32768
250
1000
16801
28672
1624
24576
250
45
58470
24576
8213
16384
250
1000
7357
8192
47869
4096
62
16
38637
24576
49963
20480
250
1000
16703
20480
16703
20480
0
10
2815
16384
77
16384
19
4
14478
8192
36327
4096
19
100
19911
16384
14029
12288
2
155
17167
12288
18108
4096
14
45
12989
12288
35652
8192
14
100
43092
20480
2872
8192
4
155
36646
28672
374
24576
39
1000
59573
4096
53369
4096
19
10000
23610
32768
61057
4096
2
1000
48937
32768
38259
8192
19
4
20940
20480
15340
4096
4
45
27955
16384
11558
16384
100
155
6418
28672
20029
16384
2
155
14216
32768
253
20480
62
45
34
28672
3375
24576
14
1000
21059
28672
31969
20480
14
4
16512
32768
68
12288
4
10
12179
32768
44346
4096
100
155
57262
24576
35351
16384
250
45
40017
12288
16349
4096
14
16
57032
16384
59566
8192
14
155
25883
24576
31969
20480
62
4
58479
24576
62667
16384
39
100
3950
4096
2462
4096
14
16
25598
28672
8137
16384
14
1000
55460
16384
60405
12288
19
155
14930
8192
14032
8192
39
155
12062
20480
55626
4096
39
10
55356
32768
16161
24576
2
155
37320
32768
61301
12288
39
100
63087
20480
3555
12288
39
10000
41733
32768
39856
24576
14
100
17085
4096
16349
4096
14
10
46731
16384
9110
4096
250
4
12642
12288
59389
4096
39
4
7820
8192
3656
8192
39
1000
44376
12288
3208
12288
250
16
44802
32768
61494
28672
4
10000
40307
28672
36547
20480
14
10000
46186
28672
58981
24576
19
16
9487
16384
53396
4096
39
100
27552
8192
23349
4096
250
4
63109
12288
16394
12288
19
10000
56766
4096
7327
4096
19
10000
27701
16384
18211
16384
62
45
52401
20480
24316
8192
39
16
7707
4096
4824
4096
39
45
53464
24576
23550
4096
39
10
64120
4096
37931
4096
39
155
6411
28672
55363
4096
2
100
18077
16384
18108
4096
250
45
16902
24576
59566
8192
14
10
59899
32768
33887
20480
62
16
33577
28672
60214
8192
2
4
58932
16384
53396
4096
4
16
9286
28672
18061
20480
14
155
46814
28672
43198
12288
62
1000
18211
16384
28500
8192
100
155
13912
24576
62063
8192
39
16
14117
24576
41618
8192
62
4
19760
32768
4822
12288
39
45
5751
16384
19085
12288
100
155
36233
4096
7520
4096
62
10
14817
20480
19142
4096
19
45
7904
32768
6890
12288
19
100
8207
16384
4387
16384
14
100
12645
16384
51159
12288
100
45
22484
16384
7422
12288
250
45
63624
24576
9042
12288
250
45
23628
28672
52074
8192
4
45
5318
4096
1904
4096
2
10000
62667
16384
54302
4096
2
10000
32968
28672
7327
4096
4
100
38920
32768
37320
32768
39
45
3970
4096
1016
4096
19
4
5844
4096
5844
4096
0
100
26229
16384
25986
4096
62
155
48490
16384
40994
12288
14
10
5707
16384
62045
4096
39
10000
10310
16384
62063
8192
2
1000
36791
20480
18698
8192
2
10
58803
20480
61057
4096
19
1000
16982
12288
9604
8192
39
100
32295
8192
55499
4096
4
10
21429
24576
61780
20480
100
10000
65275
24576
7506
4096
4
100
398
16384
20252
12288
250
155
62252
16384
45416
16384
62
1000
35652
8192
2462
4096
250
4
33165
32768
22226
8192
39
100
16214
16384
2773
12288
100
155
18108
4096
7657
4096
4
45
68
12288
38259
8192
39
4
41317
32768
51295
12288
2
10000
16168
24576
215
16384
4
155
62361
8192
57892
8192
2
45
48435
4096
870
4096
2
45
61471
28672
5318
4096
250
10000
26782
4096
7327
4096
62
100
9478
8192
7520
4096
19
100
30360
28672
14513
16384
62
10
10150
24576
63372
20480
14
16
35320
8192
23349
4096
19
1000
29082
20480
58931
4096
39
45
12998
8192
7506
4096
2
1000
9414
20480
3648
12288
14
45
56313
16384
11346
12288
14
45
54970
12288
46239
12288
250
4
253
20480
56882
16384
14
10000
38822
24576
19142
4096
2
10000
54302
4096
29688
4096
19
100
44346
4096
37931
4096
14
100
51394
8192
21196
4096
62
10
55187
8192
35652
8192
250
1000
63786
20480
52602
4096
14
45
11813
32768
36665
28672
2
4
43964
16384
62063
8192
14
1000
44760
8192
33116
4096
100
10
5174
12288
32745
8192
2
16
54825
24576
3770
24576
19
16
62869
20480
41329
20480
62
10
41196
20480
32511
16384
4
10
42700
4096
33116
4096
4
100
22303
12288
9261
12288
62
155
6588
16384
9478
8192
62
16
10361
4096
1016
4096
2
4
62917
8192
32965
8192
250
155
48854
12288
41211
4096
100
10
59236
12288
30354
4096
19
16
58981
24576
3997
20480
250
10000
18520
28672
61833
24576
19
10
26420
16384
46439
12288
39
45
12916
28672
13806
20480
2
10
56673
12288
35899
8192
100
10000
18672
12288
62109
4096
250
10
65216
16384
25993
8192
4
4
41618
8192
4971
4096
39
4
63372
20480
37817
4096
19
155
58421
24576
62662
8192
19
155
4963
12288
27552
8192
100
45
63093
24576
44295
8192
2
16
49207
4096
19142
4096
19
1000
48308
24576
35717
12288
4
155
56507
28672
37941
8192
19
4
34868
8192
61057
4096
4
100
20514
4096
10957
4096
62
10
6851
12288
49629
4096
39
1000
55208
12288
26740
4096
4
16
28486
16384
19631
4096
62
10000
18883
12288
32295
8192
39
10000
22358
4096
19631
4096
2
100
16318
4096
5844
4096
39
1000
34075
24576
21892
8192
250
4
34921
20480
3689
16384
250
10
57719
8192
44304
8192
250
10000
4676
20480
19030
12288
62
10
7270
8192
23550
4096
4
10000
25993
8192
25986
4096
250
4
61190
16384
7327
4096
100
155
40959
32768
61301
12288
250
10
12768
32768
48322
24576
100
16
5767
16384
24801
4096
62
4
374
24576
46259
8192
62
10000
58553
24576
50269
8192
14
10
18778
24576
46571
12288
250
1000
19513
16384
8640
4096
100
10000
9806
8192
62045
4096
14
1000
51574
24576
8126
12288
62
10
26740
4096
10957
4096
4
16
2773
12288
47869
4096
19
1000
50843
16384
18211
16384
2
100
29614
4096
1904
4096
250
100
32773
12288
7657
4096
62
4
40076
4096
16349
4096
100
1000
7422
12288
4822
12288
39
10000
13509
8192
24450
4096
14
155
42961
28672
21028
24576
19
1000
57721
32768
52734
8192
39
16
16072
12288
46615
8192
62
155
61714
16384
47721
12288
2
4
47626
8192
4068
8192
4
1000
8090
28672
57598
12288
14
155
20096
16384
55132
12288
19
45
11970
24576
16072
12288
19
16
58385
24576
9110
4096
39
10000
61833
24576
37671
20480
2
10
47985
32768
3621
32768
19
10000
4118
24576
61780
20480
14
10
13009
24576
7459
24576
39
10
23871
28672
4824
4096
2
10
23765
28672
35423
8192
4
10000
48791
12288
622
12288
100
45
40994
12288
35717
12288
250
4
19936
28672
53186
16384
250
16
28747
24576
44946
20480
2
10
16493
4096
2462
4096
4
155
53923
12288
56795
8192
19
16
22940
32768
64214
12288
100
1000
16264
20480
37817
4096
62
100
26879
32768
9432
32768
14
4
52869
32768
5457
12288
250
100
13538
16384
870
4096
62
10
7007
32768
51198
4096
39
10000
15340
4096
7520
4096
14
45
38531
16384
8213
16384
100
100
55132
12288
13350
12288
14
155
52787
4096
16593
4096
14
10000
39548
8192
64120
4096
100
16
14148
12288
59166
4096
4
155
63903
8192
60151
4096
19
1000
39199
16384
6111
8192
4
10000
36393
24576
50594
16384
39
10000
25472
4096
870
4096
2
4
53159
8192
54302
4096
19
100
7520
4096
870
4096
100
10000
44780
32768
20096
16384
2
45
43198
12288
59389
4096
19
10000
62024
16384
43964
16384
250
10
7405
4096
870
4096
62
16
48716
12288
12642
12288
100
100
14513
16384
48791
12288
4
16
15955
28672
8832
28672
62
45
54669
4096
47869
4096
19
10000
53797
8192
21176
4096
19
16
13813
32768
21602
12288
62
100
46366
4096
30354
4096
2
10000
56802
12288
14930
8192
14
16
65390
16384
34868
8192
250
10
52866
12288
60214
8192
2
155
21968
4096
20514
4096
14
16
30694
28672
19169
20480
2
10
43238
32768
40027
32768
14
155
622
12288
61057
4096
39
4
61730
28672
53159
8192
4
155
8137
16384
11346
12288
14
4
57892
8192
58108
4096
19
10
49629
4096
25472
4096
2
10000
33472
28672
21462
20480
62
100
5429
8192
64120
4096
4
100
21927
16384
48435
4096
250
155
48909
32768
20718
28672
100
4
52171
12288
21602
12288
100
45
5969
16384
45703
4096
2
155
25046
28672
59172
16384
62
45
2295
24576
44295
8192
100
45
15731
16384
45703
4096
19
100
58983
16384
50832
12288
100
10000
59946
16384
19513
16384
19
10000
38028
32768
29027
16384
19
155
1624
24576
43964
16384
19
155
2872
8192
388
8192
4
16
64004
28672
36321
24576
4
16
13395
28672
33598
16384
2
155
19085
12288
26740
4096
2
45
57862
28672
64872
12288
62
100
37931
4096
21968
4096
62
1000
24777
8192
65219
4096
14
45
47324
32768
54970
12288
4
10
39334
4096
39334
4096
0
100
3208
12288
7357
8192
250
155
36104
16384
46601
8192
62
16
30576
16384
16814
12288
250
1000
51154
12288
48435
4096
39
4
52074
8192
8640
4096
2
45
18377
32768
12112
28672
4
45
56532
32768
62063
8192
19
45
12308
8192
8306
4096
39
100
30139
4096
7506
4096
4
45
10196
20480
28188
12288
2
4
11322
32768
56766
4096
62
16
57022
4096
26782
4096
62
45
53391
28672
51379
28672
14
45
31909
12288
30449
12288
2
4
17367
24576
56766
4096
14
10
35506
28672
38374
24576
62
16
28203
28672
38851
8192
250
10000
53186
16384
21977
12288
100
10000
45975
32768
57109
28672
14
100
56827
8192
20514
4096
2
1000
45525
20480
39545
8192
62
45
27833
28672
46239
12288
250
4
26499
16384
12320
12288
100
1000
65011
12288
44376
12288
39
10000
38259
8192
12308
8192
100
45
6342
28672
36504
8192
19
155
23550
4096
20514
4096
62
10000
18350
28672
10196
20480
14
100
43107
12288
14029
12288
4
100
2255
20480
22809
16384
39
45
48095
24576
19938
24576
100
155
30613
32768
48435
4096
62
10000
24186
8192
40076
4096
14
10000
53793
24576
14054
4096
19
100
44743
32768
12790
8192
19
16
36547
20480
49275
8192
39
10000
42750
4096
5790
4096
14
16
5877
4096
1904
4096
62
100
65219
4096
59573
4096
62
100
16394
12288
30139
4096
250
10000
13885
8192
19142
4096
4
100
16401
32768
65219
4096
4
45
21904
8192
51353
4096
100
1000
54842
20480
7235
16384
100
155
41329
20480
24777
8192
4
45
7742
12288
49275
8192
14
45
1744
28672
3770
24576
62
10
7311
24576
27955
16384
2
10000
49963
20480
47721
12288
39
10000
50269
8192
37941
8192
62
1000
38835
24576
30259
24576
100
16
47540
28672
52100
20480
100
155
50594
16384
18077
16384
39
100
63305
32768
18257
32768
4
4
51353
4096
33997
4096
14
10000
38606
20480
4386
20480
2
10
15723
32768
18079
16384
4
10000
60148
20480
11346
12288
250
4
25584
16384
19661
12288
250
10000
51295
12288
15340
4096
100
1000
19873
12288
48435
4096
4
16
15883
24576
36327
4096
19
10000
28016
32768
53875
28672
39
10
23691
4096
18108
4096
39
155
50369
16384
15861
4096
250
16
12045
12288
15267
8192
4
45
9604
8192
60151
4096
14
16
46834
16384
57598
12288
100
155
51609
28672
10957
4096
4
45
4822
12288
16493
4096
100
45
8429
32768
29082
20480
62
10
60151
4096
3970
4096
62
4
43186
32768
61190
16384
39
45
42604
32768
17366
16384
39
1000
388
8192
19631
4096
19
45
59566
8192
46762
4096
14
10000
24282
28672
52787
4096
14
10000
5003
20480
53159
8192
4
10
59004
16384
46731
16384
4
45
8306
4096
7405
4096
14
155
38236
20480
21904
8192
100
155
46297
28672
15409
12288
39
10
38220
32768
13607
12288
2
155
23919
16384
4387
16384
4
16
54004
16384
1904
4096
19
1000
32477
24576
33116
4096
62
10
39063
32768
41074
20480
14
10
62180
4096
49629
4096
250
1000
57598
12288
21977
12288
39
45
8844
16384
46762
4096
14
1000
46571
12288
29078
8192
62
1000
58918
12288
44222
12288
4
10000
37817
4096
25472
4096
4
10
61780
20480
55132
12288
250
1000
2462
4096
2462
4096
0
1000
58120
20480
9188
12288
250
4
23846
16384
52171
12288
250
155
12790
8192
42700
4096
62
10
57414
32768
50843
16384
19
155
17379
28672
1468
8192
250
10000
49275
8192
19133
8192
39
4
36322
24576
39
20480
4
1000
19837
24576
8322
20480
19
155
44136
8192
32295
8192
4
155
46259
8192
25304
8192
100
10000
29584
16384
39424
12288
4
45
38120
28672
38606
20480
19
45
55363
4096
15340
4096
4
100
38315
20480
52866
12288
250
155
1783
8192
47869
4096
100
10000
29448
28672
9478
8192
2
4
14029
12288
6111
8192
39
10000
17880
20480
19873
12288
14
10000