27950
20480
100
38380
28672
27314
16384
19
4
49764
16384
5822
4096
2
155
4798
24576
21769
16384
2
100
45431
4096
20132
4096
19
4
22625
16384
4878
12288
39
155
12103
8192
45431
4096
14
10
11968
28672
61712
16384
19
4
25768
20480
8048
20480
4
45
43640
8192
45431
4096
100
4
62362
20480
22625
16384
62
10000
20132
4096
18538
4096
39
4
52210
12288
12103
8192
4
10
59433
32768
16282
20480
100
4
23457
32768
34242
24576
2
10000
16760
32768
59038
20480
2
155
12328
8192
16979
4096
4
10
58629
8192
32137
8192
62
45
28456
12288
5035
12288
39
45
65209
20480
23237
16384
62
16
27314
16384
26207
8192
14
16
59934
28672
35884
24576
14
45
23805
20480
8048
20480
4
45
40214
12288
13276
8192
19
4
35884
24576
22083
12288
62
16
29843
4096
9727
4096
250
1000
8048
20480
52210
12288
14
16
43793
20480
12173
16384
2
155
13923
12288
4878
12288
4
10000
12173
16384
29843
4096
100
45
8463
12288
5822
4096
39
10
56680
24576
56084
4096
4
10
28815
12288
59181
4096
100
4
22083
12288
13923
12288
14
16
5068
4096
5068
4096
0
10
28283
28672
12173
16384
4
45
59038
20480
54535
12288
62
100
32886
8192
20132
4096
39
155
41633
16384
47617
8192
19
10
23237
16384
45431
4096
2
100
95
16384
40214
12288
4
100
13231
16384
54535
12288
62
16
7590
16384
43640
8192
100
100
42595
24576
40364
20480
100
4
4878
12288
45431
4096
19
1000
3280
28672
35483
24576
19
100
2501
8192
2501
8192
0
100
18538
4096
9727
4096
19
10000
56307
8192
47617
8192
39
10000
26343
32768
16282
20480
4
10000
37778
32768
8048
20480
14
4
6089
16384
12328
8192
39
45
25856
28672
13231
16384
14
1000
47617
8192
13276
8192
100
155
16979
4096
5068
4096
2
155
54535
12288
5982
8192
250
16
13132
12288
8463
12288
4
16
3244
28672
13923
12288
2
10000
8813
4096
5068
4096
2
10
61712
16384
54535
12288
19
1000
53789
32768
11968
28672
4
4
58589
8192
5068
4096
62
10000
35706
24576
49764
16384
14
1000
9727
4096
8813
4096
14
1000
4032
24576
13231
16384
250
16
49952
32768
56680
24576
19
45
43106
16384
12103
8192
4
10
56084
4096
18805
4096
39
100
13662
32768
16979
4096
4
100
28216
24576
18538
4096
250
10
5982
8192
18538
4096
4
155
5035
12288
12328
8192
4
1000
24265
28672
16282
20480
2
155
1749
32768
40214
12288
19
100
26207
8192
56084
4096
2
1000
35483
24576
8048
20480
39
4
21769
16384
49438
12288
62
4
28454
24576
20132
4096
19
10000
3331
28672
43640
8192
62
10000
40364
20480
12103
8192
2
4
16282
20480
27314
16384
100
100
61900
4096
45431
4096
250
16
61985
32768
43106
16384
100
4
16454
16384
9727
4096
250
10
34242
24576
45431
4096
2
4
9126
20480
16979
4096
100
16
3568
28672
28456
12288
19
45
32094
24576
28216
24576
19
45
49438
12288
5822
4096
62
155
32137
8192
45431
4096
2
10
59181
4096
8813
4096
100
155
18805
4096
5822
4096
100
155
19367
32768
2501
8192
100
1000
5822
4096
5068
4096
39
10000
2369
20480
5068
4096
250
16
64964
28672
4798
24576
62
10
22628
32768
52210
12288
2
45
52333
12288
12328
8192
14
10
46986
24576
28216
24576
62
45
23668
8192
9727
4096
39
10000
13276
8192
5982
8192
4
4